1.414e+00
0.301578
17
2.1553e-04
6.8259e-04
1.4534e-03
6.212e-01
0.0291878
9
2.1076e-04
6.0463e-04
1.4982e-03
2.813e-01
0.00995082
9
2.4056e-04
6.9594e-04
2.4180e-03
1.424e-01
0.00324297
7
2.6679e-04
6.2394e-04
4.8018e-03
7.172e-02
0.000702502
6
4.3035e-04
6.5684e-04
2.9274e-02
4.419e-02
0.000229462
5
1.3251e-03
8.4972e-04
2.1473e-01
2.210e-02
6.53218e-05
6
6.3927e-03
2.1002e-03
2.1050e+00
7.813e-03
9.55377e-06
5
2.4780e-02
5.7163e-03
1.9548e+01
3.906e-03
1.07941e-05
5
1.3226e-01
2.9214e-02
2.6959e+02
