1.414e+00
0.230159
2
2.6417e-04
8.5115e-04
2.6941e-04
6.212e-01
0.0289678
3
2.7323e-04
8.5807e-04
5.2190e-04
2.813e-01
0.00777117
3
3.5167e-04
9.2721e-04
8.7643e-04
1.424e-01
0.00217826
3
2.8944e-04
7.3600e-04
1.7912e-03
7.172e-02
0.000668831
3
5.2881e-04
7.1645e-04
1.1799e-02
4.419e-02
0.000232834
3
1.3685e-03
9.1434e-04
1.0455e-01
2.210e-02
6.55083e-05
3
6.5908e-03
2.0800e-03
7.3896e-01
7.813e-03
9.67874e-06
3
3.3340e-02
7.5786e-03
9.0816e+00
3.906e-03
2.29208e-06
3
1.6152e-01
2.8635e-02
1.1673e+02
